world: 65e9f53b-29a3-4b92-8223-79509aab7539
world-name: AdminWorld
x: 0.5
y: 4.0
z: 0.5
yaw: 0.14886797964572906
pitch: -4.949977397918701
name: adminworld
lastowner: 7c509a41-e8ae-3de8-8bf7-f1047fbb891c
