world: d140b4fd-3c58-4fbd-a607-b66e5329049c
world-name: creative
x: 0.5
y: 89.0
z: 0.5
yaw: -5.7899953390005976E-5
pitch: 5.6999945640563965
name: creative
lastowner: 7c509a41-e8ae-3de8-8bf7-f1047fbb891c
