world: d1a3e1e7-0e7c-4ac8-8547-3fa4ab4c32fd
world-name: world
x: 5614520.655965675
y: 66.0
z: 2.8462350968113724E7
yaw: -286.533203125
pitch: 14.85000991821289
name: egg
lastowner: 7c509a41-e8ae-3de8-8bf7-f1047fbb891c
