world: d1a3e1e7-0e7c-4ac8-8547-3fa4ab4c32fd
world-name: world
x: -108.30000001192093
y: 59.0
z: 253.30040401735394
yaw: -356.39971923828125
pitch: 19.19995880126953
name: loginpos
lastowner: 7c509a41-e8ae-3de8-8bf7-f1047fbb891c
