world: 2899fbf7-6854-4714-9528-5cb0401ed01d
world-name: modworld
x: -6.529018033162274
y: 64.0
z: 35.606818973412636
yaw: -177.59991455078125
pitch: -11.399991035461426
name: mod
lastowner: 7c509a41-e8ae-3de8-8bf7-f1047fbb891c
