world: d1a3e1e7-0e7c-4ac8-8547-3fa4ab4c32fd
world-name: world
x: -59.648028229340824
y: 64.0
z: 182.21899433356876
yaw: -93.542724609375
pitch: 23.550039291381836
name: pvp
lastowner: 7c509a41-e8ae-3de8-8bf7-f1047fbb891c
