world: d1a3e1e7-0e7c-4ac8-8547-3fa4ab4c32fd
world-name: world
x: -112.56868297785218
y: 64.0
z: 256.72496982011126
yaw: -3.2999231815338135
pitch: 1.9499865770339966
name: spawn
lastowner: 7c509a41-e8ae-3de8-8bf7-f1047fbb891c
