world: 9d4246e4-dd8d-4931-bd25-b5aa6dcd3252
world-name: survival
x: 0.5573065974954658
y: 65.0
z: 0.5012684088142123
yaw: -90.44962310791016
pitch: -0.5999298095703125
name: survival
lastowner: 7c509a41-e8ae-3de8-8bf7-f1047fbb891c
